$ANSIBLE_VAULT;1.1;AES256
61623232633837633934303235303530333861383966353636666234343935663930633264626334
6335373863363130336366613639373937636530396437380a373431613938333732303665663734
35626261633234393635643339333330313734383130366333303630386137653134396138633235
3735626634393966340a333565373861663535623639363739646462383966383437353239363562
64376636313433653861363234373562376366356637636235633263613439666638303464336132
30633865386433303736643165386131303232653130636361373531656437383064626262656262
33663730623662316439336666653466313764376264396362313361346435373038303139396563
38633830393239373263663239323563316637333161396333633764313266363163626164613539
39323530633738663465653464306431323261333762336131343433623833653864643538656434
66306430633632303337343763343432613036353064306430376530376131326633663862333861
33653031393562333936333737343131356532386661623264323865333236643638313634613439
39626638376232393833353531626463356337666666343936363735666261383063343530346533
66613339346430363335636365323031316430376635323336306637313135656235663635653131
62333331303437636336326130396131333235396666363633643537343037383030323539376364
63363063363865353163303566346662343863636536346135356365613639333230386265363630
30353830656665386661346566303361326631306131663665346230373166393661626532313465
30646263303363303664306237353262623438366431656162386361313432343432626262663736
39656132646165656662343762613939636130386565396261323066353639323130663234333938
66346335363436316430353639323439663738363439366661643562633761316333393932386466
36373362656134333939326239306333623434383836306165626238383365343462356536356439
39623162353532653431323966323261366337396432303361373561303039313231623264383637
65666634653737343431666539363336316634633039333664373866636565363834643566663131
30616166393065303935643734346533613136626563626434356539313961353835626263373935
35646561643130636534633832376435323664663231376134346366306132633765373939303038
63633434323339643832653336356132633531386636356233313031306465633961626462643061
37306239336663626132326335323139376132666561376661616563393964626535343330313436
35363063636166663035383734336262653462303030383030333333363435383637623339383838
61393762323165336463346563326637663037396430653032383333393436363239366233373135
65643231393363323539343865613837646632646235376533373931646239653965636532653830
64316431653830623664306136346534663130636366353664336436353564343431643230353237
37323235386461333461343634393331653065326461396330653935356538363037353033343836
33646466353064623130373939313332633533303562633633613030306130653733613961393435
39313431386566343538633736376232626130653932623865343339653265653234316338376531
39396235323063363561643865303534356138626366326662336661643463303332323039353738
33643535663138653835656566653135323064383936643136643766343837343064643634343663
32393565396465666431363931353035613266653035373864373839383861313437326665656337
65613564646161363063386432613961396234666137623036626139643333353931393930373837
64663231373565343735346637633030643861666363656261373162393362303031376231386631
61363064333336626266386333643138376365646533313664313436316461396564363762356537
34396662363331643337353735386136333963326236616635373533366662346563653264643733
37313931386662343232383330643532383831616231616465613432613834323035376664353336
64366264373565313933666439626533353335376566653535336162376365373436626634613736
37613639633338376539616166613938333432626265306435633364363032613835386664333863
64383437633636313435383835636530323331373836393965336333353666393532643134306136
35636166386461656363646337666638396366663663386133303066363138386265666136373332
36643038333366613533363034396435663835386266313534646463363765623838643735376230
61396430613431643761333336393262323337363465623134363861626639346164643932326636
62313263633065633939356463323938643939346461616439666134303134313366643333323835
31346538363330656464663931363566316135323639663661376130353666366633616536646265
30366532383437363061656538323231303164383931636265316439666137303463306636383834
65643431353161373038346264353163653634383239323233393464323536393563653937643364
61303035353562613832303262666663666530353937316264316132663263323433353661353766
30646531396161613331373865343239313565373239353962626164356163336231633865356630
35623738616339323465613135623237326631343035623461333964333633333733633539643866
34663562383365373139663531633033343462356661663238636164356333376436323431313030
66346266626662396164316661393630623562343339383864333638353834353736396566383262
34313965363563396330666433623332613632373432316464316239316336643531326365323430
64616466323432373236366232313931323537313636633264363737306562383430316230643235
65326538653638323963666434313562313434643930633033393231663063333263343362626139
31636237363730663539653634323765366166636362623236326439666132613035313461396531
37613664633163353536383765343630383965616333363335336635393432656664393838373539
65613263393531663265666437646335613830326565643861613964363563333238346665643437
64373666376531383034323063383362346533306235326365663731343262623130613231323736
34306663393037393531643038323232316533653862363165666566653666366533646366316538
33303733333939653837666534343633643339323663663431396138636334326531363832383163
61333664636535313533316663663466626532306232646266343536616361663061366633636336
30336365313130633931646261383563613130363666313062326438373962356535653033623165
39656166653230356232346538613832666562653262613965626165613661306131626535333536
30326663336362336139373333613033633731616434323439386662323332643332666436643033
36333933326232646466323131396136333966373164353562303661316365313130643136316335
62386139396564373233333538623036653664396562323464373337616131643763643838383961
65363531623066313366646239613363313737343937336161626332373061663137346334373963
35653238373665396361396166633533616162636166383837386236366464316463663038343036
37633435653432316538613139653865343330313564666664326332633630636334373931383364
36366165336332633966613733663139343234393230313561663333636233396264643837336563
36306661636235376339663164613736393466383334626364383765326537623239323664373130
38353961356635666337613936356664633237663064333761383932366165393462316263376662
30633839656261333561323239316130333535336335653238386239366364386462353831626361
64613662363238303361333237333338613163666239326636663934663437363130663335353033
63383632363836613765396238393637373032313533626566323133383366353739346562343037
36373537396265383935323237363032316637653963663166663662386338613630666535373932
34643866386261376263343735363863623339366435303236366237313163326338613864386239
63303562396363326163613766653739373538636162636663666230386537366666333632313962
37346433306537653230313061653533306335646237623037383464366338626664393933356362
34373336336565353065313862373835376234623836636337353633633030386438346434306634
33326438393733363761616133643931666437326661353738653663316662316439393863313638
39336630633365313662343135333264353466643762376431643530306463646162623664333165
36613966633264356535373834313966363232656538373333636635656239346161626431656135
30626435363539326264646665303236363861613831356262323532353631633132316230616166
66366164386164643563363962313032363738353765613362633334643564353137373833326366
35643266643137306232323961343162646438393330393338616266306230323962393435326339
30353035386238383863363533316236326431376239316233333031353231646239666566633030
64373537623462333934316232376364306437616138396536656363353033636163363630393132
38316663343735326564333237336466366163366335643139393061663765623535336631373330
38386638376663353235376331323433386531623562323134386630383931396333373565363165
33663737623162636136316133653639326461656538333966316665386137626137616537346366
38376430373037623930363533616563376435633765343037383534663034666535656533376664
65303132303939363832613365336336353234636534333363643433636432313364623561633432
39313039383039313432633364383366616265356130616234626439323938336564373435333863
33653462336236343264373231343062636639313932323830316136623365363730383936373161
32386534636238313439373833613938326335386539636165373966323039613430633935316262
35393138643834353633316164623434303132356565393033636365666434373634343534326239
35303630356339333036346632623631656536656263386364386533346662653266333965386562
33613332363861386135313761366563393836343466353736323030646432303637633832623039
30353234613939656131666461333833383231323764663765633166376538356564316438653035
37663230346632616137353663663230333161303761623930356265353736356136623535396165
33373230393932636438323838396130613765633861633030643832313163353061643961383939
39323964623535343665366565656533353539353664323935636538316135666666643730663161
32333738636666383966353432323935653935353863363037323035386461656338323063323034
35363165356533336339393663346535663935363539663335393436373566646231303961393162
31633933656562303263373461663865323337323439346135643139626133633138613635623362
36613034303631323862393866316164373939646266623061643833643763343532666430353561
39326634613131333632343063613834303036353835386636396565323266626264643839343864
38356436383933336262646432363938643333386534656235333136613366663239366535393365
33383939623564316365373364316563386133363864376531633963636231306130653637333431
31393137386539323538623364666336626561303938633965663866663632623532323761613738
61393865376435366539313664313433303630363161623730396435376664633531643563386531
37616364633637363331323065613839613131646136373564306465653033373833336466306430
61326362313837363966656632306630373534393333323031636165316535643364653931366235
32633337613934323639633364343431356166336563356638356433643338386462373363643461
61346163346161616533616662663863663366393139313064303135653662313161623432643031
32643733333861353533373933316464323231346635633134626666303462343536343161373435
38346330303233373431306536653933633230636532353435356234653239656134333366383636
64353964666533343462323663373965656238383239323536383966396666343235363466346530
62323536373437303061373931643636633233326433633039363833363836636565346230636661
31343331663836363136343436343135613963366333326464653538323132306337366366343832
66643430303035666231616632653030333962343130343931393733363634613637646564646166
33313465373161396332643938346332346234306531323162393437646463396162356138643061
37633136306634366237366266363763326333346130356539616236336238386334316533623061
64336334393861633133356537346432633966396137383664323835353537363062643438376436
31336666613133373035623331646462323336623237353439623039646231336364366337313034
66306132393137623934353831346364323139656332643234376231653232303932363365623132
32303738636563623763643232356335363534333639363361343833363764633064613135623631
63613136306463643532366466373633343937316338313265396236336366653131396461353339
633765316565373562386165636361643163
